 quat_mult test
    1        5.00000000000E-01       -5.00000000000E-01       -5.00000000000E-01       -5.00000000000E-01
    2       -1.00000000000E+00        0.00000000000E+00        0.00000000000E+00        0.00000000000E+00
    3        5.00000000000E-01        5.00000000000E-01        5.00000000000E-01        5.00000000000E-01
    4        5.00000000000E-01       -5.00000000000E-01       -5.00000000000E-01       -5.00000000000E-01
    5       -1.00000000000E+00        0.00000000000E+00        0.00000000000E+00        0.00000000000E+00
    6        5.00000000000E-01        5.00000000000E-01        5.00000000000E-01        5.00000000000E-01
    7        5.00000000000E-01       -5.00000000000E-01       -5.00000000000E-01       -5.00000000000E-01
    8       -1.00000000000E+00        0.00000000000E+00        0.00000000000E+00        0.00000000000E+00
    9        5.00000000000E-01        5.00000000000E-01        5.00000000000E-01        5.00000000000E-01
   10        5.00000000000E-01       -5.00000000000E-01       -5.00000000000E-01       -5.00000000000E-01
 quat_base_to_dependent test
    1        6.60044438635E-01        6.73245327408E-01       -3.33289766044E-01
    5        6.33146140786E-01        6.99098863785E-01       -3.32245004571E-01
    9        6.05657671751E-01        7.24155911876E-01       -3.29813583627E-01
   13        5.77668009879E-01        7.48342649162E-01       -3.26010659041E-01
   17        5.49268419008E-01        7.71591350511E-01       -3.20859769520E-01
   21        5.20551475325E-01        7.93840999871E-01       -3.14392475196E-01
   25        4.91610093506E-01        8.15037786602E-01       -3.06647880108E-01
   29        4.62536572955E-01        8.35135478947E-01       -2.97672051902E-01
   33        4.33421683706E-01        8.54095670832E-01       -2.87517354537E-01
   37        4.04353809583E-01        8.71887901914E-01       -2.76241711498E-01
   41        3.75418163796E-01        8.88489654318E-01       -2.63907818114E-01
   45        3.46696089248E-01        9.03886232684E-01       -2.50582321932E-01
   49        3.18264452794E-01        9.18070536905E-01       -2.36334989698E-01
   53        2.90195139471E-01        9.31042739136E-01       -2.21237878606E-01
   57        2.62554649651E-01        9.42809878294E-01       -2.05364527945E-01
   61        2.35403799091E-01        9.53385386319E-01       -1.88789185410E-01
   65        2.08797519237E-01        9.62788560928E-01       -1.71586080165E-01
   69        1.82784752856E-01        9.71043999548E-01       -1.53828752404E-01
   73        1.57408438161E-01        9.78181008572E-01       -1.35589446733E-01
   77        1.32705573196E-01        9.84233001204E-01       -1.16938574401E-01
   81        1.08707351200E-01        9.89236895921E-01       -9.79442471209E-02
   85        8.54393570900E-02        9.93232526171E-01       -7.86718832611E-02
   89        6.29218149725E-02        9.96262070398E-01       -5.91838853702E-02
   93        4.11698766942E-02        9.98369509834E-01       -3.95393865281E-02
   97        2.01939418175E-02        9.99600119964E-01       -1.97940617815E-02
  101        0.00000000000E+00        1.00000000000E+00        0.00000000000E+00
 quat_dependent_to_base test
    1        6.73245327408E-01        6.60044438635E-01       -3.33289766044E-01
    5        6.99098863785E-01        6.33146140786E-01       -3.32245004571E-01
    9        7.24155911876E-01        6.05657671751E-01       -3.29813583627E-01
   13        7.48342649162E-01        5.77668009879E-01       -3.26010659041E-01
   17        7.71591350511E-01        5.49268419008E-01       -3.20859769520E-01
   21        7.93840999871E-01        5.20551475325E-01       -3.14392475196E-01
   25        8.15037786602E-01        4.91610093506E-01       -3.06647880108E-01
   29        8.35135478947E-01        4.62536572955E-01       -2.97672051902E-01
   33        8.54095670832E-01        4.33421683706E-01       -2.87517354537E-01
   37        8.71887901914E-01        4.04353809583E-01       -2.76241711498E-01
   41        8.88489654318E-01        3.75418163796E-01       -2.63907818114E-01
   45        9.03886232684E-01        3.46696089248E-01       -2.50582321932E-01
   49        9.18070536905E-01        3.18264452794E-01       -2.36334989698E-01
   53        9.31042739136E-01        2.90195139471E-01       -2.21237878606E-01
   57        9.42809878294E-01        2.62554649651E-01       -2.05364527945E-01
   61        9.53385386319E-01        2.35403799091E-01       -1.88789185410E-01
   65        9.62788560928E-01        2.08797519237E-01       -1.71586080165E-01
